0.16	0.0092
0.7	0.0106
0.84	0.0122
0.95	0.0144
1.09	0.017
1.37	0.0208
1.65	0.025
2.01	0.0302
2.45	0.0356
2.94	0.042
3.46	0.0484
4.04	0.0556
4.64	0.0632
5.29	0.0724
6.09	0.0812
7	0.0906
7.92	0.1
8.83	0.1118
9.87	0.1224
10.88	0.1338
11.58	0.1464
12.14	0.1594
12.67	0.1712
13.05	0.1862
13.43	0.1994
13.75	0.2146
14.62	0.2292
15.66	0.2446
16.51	0.2606
17.51	0.2772
18.74	0.2938
20.35	0.3112
22.3	0.3284
24.25	0.347
26.46	0.365
28.61	0.3842
31	0.403
33.24	0.4226
35.63	0.4428
37.82	0.4628
40.01	0.4836
42.16	0.5048
44.23	0.5258
46.29	0.5484
48.1	0.569
50.03	0.593
51.8	0.614
53.26	0.6382
54.87	0.6612
56.64	0.6848
58.55	0.7084
60.52	0.734
62.51	0.7566
64.68	0.7828
66.86	0.8074
68.97	0.833
71.1	0.858
73.31	0.8856
75.48	0.9102
77.49	0.9372
79.56	0.9638
81.57	0.992
83.58	1.0176
85.74	1.0456
87.87	1.073
90.06	1.1026
92.31	1.129
94.56	1.158
96.89	1.186
99.21	1.2162
101.58	1.2444
103.99	1.2742
106.4	1.302
108.9	1.3332
111.37	1.3624
113.84	1.3942
116.34	1.4228
118.83	1.4542
121.42	1.4832
123.9	1.5156
126.47	1.546
129.01	1.5784
131.54	1.6084
134.13	1.641
136.67	1.671
139.26	1.704
141.77	1.735
144.25	1.7688
146.66	1.8002
148.93	1.8342
151.06	1.8656
152.83	1.8998
154.5	1.9312
156.17	1.9654
157.86	1.997
159.51	2.0318
161.26	2.0638
162.99	2.0992
164.77	2.132
166.54	2.1672
168.35	2.2004
170.18	2.2356
171.97	2.269
173.86	2.3048
175.75	2.3382
177.64	2.374
179.49	2.4074
181.44	2.4436
183.33	2.4772
185.3	2.5138
187.27	2.5474
189.26	2.5844
191.2	2.6182
193.25	2.6552
195.18	2.6894
197.21	2.7264
199.22	2.7608
201.27	2.7984
203.3	2.833
205.39	2.8706
207.42	2.9052
209.49	2.9434
211.6	2.9782
213.71	3.0164
215.79	3.0514
217.94	3.0894
220.03	3.125
222.14	3.1634
224.29	3.199
226.5	3.2376
228.67	3.2732
230.83	3.3118
233.02	3.3478
235.25	3.3868
237.46	3.4228
239.75	3.462
242	3.498
244.3	3.537
246.57	3.5734
248.94	3.6128
251.21	3.6492
253.61	3.6886
255.94	3.725
258.37	3.7642
260.66	3.801
263.06	3.8404
265.53	3.8772
267.98	3.9164
270.38	3.9532
272.77	3.993
275.3	4.0298
277.77	4.0702
280.27	4.107
282.8	4.1474
285.38	4.1846
287.95	4.2252
290.54	4.2624
293.08	4.3032
295.73	4.3402
298.38	4.3808
301.02	4.418
303.65	4.4584
306.31	4.4956
309	4.536
311.69	4.5734
314.37	4.6142
317.04	4.652
319.76	4.693
322.55	4.7308
325.23	4.7722
327.96	4.81
330.7	4.851
333.41	4.8888
336.19	4.9294
339	4.967
341.81	5.008
344.59	5.046
347.46	5.0872
350.26	5.1254
353.07	5.1672
355.93	5.2054
358.74	5.247
361.6	5.285
364.37	5.3268
367.29	5.3646
370.15	5.4056
373	5.4438
375.86	5.4854
378.71	5.5238
381.59	5.5658
384.48	5.6044
387.44	5.6462
390.35	5.685
393.27	5.7264
396.22	5.7648
399.16	5.8062
402.14	5.8446
405.09	5.8864
408.05	5.925
411.04	5.9676
414.1	6.006
416.99	6.0486
420.07	6.087
423.11	6.1288
426.1	6.1672
429.1	6.209
432.15	6.2476
435.19	6.29
438.19	6.3292
441.24	6.3716
444.28	6.4106
447.32	6.4524
450.33	6.4914
453.37	6.5328
456.44	6.5718
459.48	6.6142
462.5	6.6532
465.59	6.6958
468.65	6.735
471.74	6.7772
474.72	6.8164
477.74	6.8586
480.95	6.8972
483.99	6.9394
486.99	6.9788
490.04	7.0212
493.06	7.0608
496.09	7.1034
499.13	7.1426
502.13	7.1846
505.12	7.2236
508.16	7.2658
511.13	7.305
514.07	7.348
517.01	7.3874
519.96	7.4302
522.84	7.4694
525.71	7.5116
528.61	7.5508
531.38	7.5932
534.12	7.6324
536.85	7.6754
539.54	7.7152
542.28	7.758
544.89	7.7974
547.59	7.8394
550.16	7.8788
552.75	7.9212
555.27	7.9608
557.84	8.0038
560.38	8.0434
562.87	8.0864
565.3	8.1258
567.79	8.1682
570.19	8.2072
572.56	8.25
574.87	8.2896
577.14	8.3328
579.42	8.3728
581.81	8.4152
583.98	8.4548
586.13	8.497
588.28	8.5364
590.39	8.5792
592.41	8.619
594.38	8.6626
596.29	8.702
598.12	8.7446
599.95	8.784
601.67	8.8266
603.38	8.866
604.97	8.9092
606.48	8.9494
607.87	8.9926
609.17	9.0322
610.36	9.0746
611.35	9.1138
612.05	9.1566
612.61	9.1966
612.99	9.24
613.2	9.2798
613.16	9.3228
613.01	9.3622
612.45	9.4046
611.79	9.444
611.21	9.4872
610.78	9.5272
610.96	9.5706
611.83	9.6104
613.16	9.653
614.3	9.6928
615.37	9.7354
615.93	9.7748
615.65	9.8184
614.32	9.8586
613.16	9.902
612.45	9.9416
612.07	9.9842
611.25	10.0236
610.14	10.0668
610.62	10.1068
612.31	10.1502
613.86	10.1902
615.41	10.233
616.23	10.2728
616.05	10.3152
615.47	10.355
615.73	10.3982
616.33	10.4384
616.96	10.482
617.86	10.5216
618.52	10.5644
618.93	10.6036
619.45	10.6466
620.15	10.6868
621.12	10.7304
621.98	10.7702
622.75	10.813
623.41	10.853
624.13	10.8954
624.8	10.9348
625.24	10.9784
625.68	11.0186
625.86	11.0622
625.7	11.1018
625.18	11.145
624.33	11.1844
623.75	11.2274
624.03	11.2674
624.21	11.3108
624.29	11.3512
624.62	11.3944
624.8	11.4342
624.78	11.4768
624.74	11.5164
625.02	11.5598
625.7	11.6
626.35	11.6436
626.73	11.6836
626.45	11.7266
625.96	11.766
625.88	11.809
626.27	11.849
626.89	11.8928
627.49	11.933
627.25	11.976
625.46	12.016
623.39	12.0584
622.97	12.0982
623.39	12.1418
623.97	12.1818
624.78	12.2256
625.92	12.2654
627.11	12.3086
628.05	12.348
628.78	12.391
629.26	12.431
629.16	12.4748
627.71	12.515
625.96	12.558
624.92	12.5978
624.68	12.6404
624.58	12.6804
624.82	12.724
626.08	12.7642
627.27	12.8076
628.14	12.8474
628.38	12.8906
628.38	12.93
628.12	12.9732
627.71	13.013
627.43	13.0568
627.25	13.0972
626.95	13.1402
626.89	13.18
626.97	13.2224
626.87	13.2622
626.91	13.3062
626.97	13.3462
626.93	13.3898
626.41	13.4296
623.55	13.4726
622.14	13.512
624.07	13.5552
626.85	13.5954
629.5	13.639
631.67	13.6792
633.44	13.7222
634.79	13.7622
635.94	13.8048
636.78	13.8446
637.52	13.8884
638.13	13.9284
638.55	13.972
639.15	14.0116
639.54	14.0546
640	14.0942
640.4	14.1374
640.82	14.1776
641.26	14.2216
641.75	14.2616
642.13	14.3042
642.47	14.3442
642.99	14.387
643.44	14.427
643.86	14.4708
644.28	14.5108
644.74	14.5544
645.21	14.5942
645.65	14.637
646.07	14.6764
646.51	14.72
646.96	14.7602
647.44	14.804
647.84	14.844
648.36	14.887
648.76	14.9268
649.21	14.9694
649.63	15.0098
650.13	15.0534
650.57	15.0936
650.98	15.1372
651.46	15.1768
651.8	15.2198
652.26	15.2596
652.75	15.3026
653.11	15.3434
653.61	15.3872
654.07	15.427
654.5	15.4698
654.88	15.5096
655.32	15.5526
655.76	15.5926
656.16	15.6364
656.61	15.6768
657.03	15.7202
657.45	15.7598
657.87	15.8024
658.24	15.842
658.66	15.886
659.14	15.9264
659.62	15.97
660	16.01
660.39	16.0526
660.83	16.0924
661.21	16.1356
661.61	16.1758
662.01	16.2196
662.46	16.2596
662.82	16.3032
663.3	16.3424
663.62	16.3854
664.01	16.4254
664.43	16.469
664.81	16.5096
665.27	16.5528
665.67	16.5926
666.04	16.6356
666.42	16.6754
666.82	16.7186
667.22	16.7588
667.6	16.803
668.05	16.8428
668.37	16.886
668.77	16.9258
669.15	16.9688
669.53	17.0088
669.92	17.0526
670.3	17.093
670.74	17.1362
671.06	17.176
671.47	17.219
671.85	17.2588
672.21	17.3024
672.61	17.3422
672.89	17.3864
673.27	17.4264
673.74	17.4694
674.1	17.509
674.42	17.552
674.8	17.5922
675.1	17.6358
675.43	17.6764
675.87	17.7194
676.21	17.7592
676.57	17.802
676.91	17.842
677.24	17.8856
677.58	17.9258
677.94	17.9698
678.36	18.0094
678.7	18.0526
679.03	18.0922
679.39	18.1356
679.69	18.1756
680.03	18.2194
680.37	18.2598
680.73	18.3028
681.06	18.3428
681.46	18.3854
681.74	18.4256
682	18.4692
682.36	18.5094
682.7	18.5532
683.09	18.5928
683.37	18.6358
683.71	18.6754
684.05	18.7188
684.37	18.7594
684.74	18.803
685.02	18.8428
685.34	18.886
685.62	18.9258
685.96	18.9688
686.26	19.009
686.57	19.0526
686.89	19.0926
687.11	19.1364
687.55	19.176
687.83	19.2188
688.15	19.2586
688.44	19.3022
688.7	19.3426
689.06	19.3864
689.4	19.4262
689.66	19.469
689.92	19.5088
690.26	19.5522
690.51	19.5922
690.81	19.6362
691.15	19.6762
691.43	19.7194
691.69	19.759
691.95	19.802
692.28	19.842
692.6	19.8854
692.84	19.926
693.14	19.9696
693.4	20.0094
693.74	20.052
693.98	20.092
694.25	20.1354
694.49	20.1756
694.83	20.2194
695.09	20.2596
695.35	20.3028
695.61	20.3422
695.83	20.3852
696.08	20.4256
696.46	20.4688
696.6	20.5096
696.94	20.5528
697.2	20.5926
697.44	20.6352
697.72	20.6752
697.99	20.719
698.29	20.759
698.55	20.803
698.83	20.8428
699.03	20.8858
699.27	20.9254
699.55	20.9686
699.78	21.0088
700	21.0526
700.24	21.093
700.56	21.1358
700.74	21.1758
700.98	21.2184
701.24	21.2586
701.44	21.3024
701.75	21.3426
701.97	21.3862
702.21	21.426
702.43	21.4688
702.67	21.5082
702.87	21.552
703.15	21.5922
703.41	21.636
703.58	21.6764
703.86	21.7192
704.08	21.759
704.3	21.802
704.52	21.842
704.66	21.8856
704.9	21.926
705.22	21.9696
705.47	22.0094
705.63	22.0522
705.85	22.0918
706.07	22.1356
706.29	22.1756
706.49	22.2196
706.71	22.2596
706.95	22.3024
707.11	22.3422
707.34	22.387
707.54	22.4256
707.74	22.4694
708	22.5092
708.16	22.553
708.36	22.5926
708.58	22.6354
708.82	22.6754
708.98	22.719
709.17	22.7592
709.37	22.8028
709.55	22.843
709.77	22.8856
709.97	22.9254
710.19	22.9686
710.33	23.0088
710.51	23.0528
710.73	23.0928
710.89	23.1362
711.12	23.1756
711.26	23.2186
711.48	23.2588
711.64	23.3026
711.78	23.3426
712	23.386
712.16	23.4262
712.4	23.4688
712.62	23.5088
712.86	23.552
712.99	23.5922
713.07	23.6362
713.29	23.6762
713.47	23.7194
713.63	23.759
713.77	23.802
713.95	23.8422
714.09	23.886
714.21	23.926
714.39	23.9694
714.59	24.0096
714.76	24.052
714.98	24.092
715.16	24.1356
715.28	24.1758
715.5	24.2194
715.62	24.2594
715.7	24.3024
715.9	24.3422
716.08	24.3854
716.22	24.4256
716.38	24.4692
716.5	24.5096
716.69	24.5528
716.83	24.5924
716.95	24.635
717.11	24.677
717.29	24.7208
717.43	24.7592
717.57	24.8028
717.79	24.8426
717.87	24.8854
717.97	24.9252
718.15	24.9688
718.31	25.009
718.45	25.0528
718.56	25.0928
718.68	25.1358
718.82	25.1756
718.98	25.2188
719.12	25.2586
719.2	25.3026
719.36	25.3428
719.5	25.386
719.62	25.4258
719.7	25.4688
719.84	25.5082
719.98	25.552
720.06	25.5924
720.3	25.636
720.34	25.6764
720.49	25.719
720.59	25.7586
720.69	25.8018
720.83	25.8422
720.97	25.886
721.11	25.926
721.17	25.9694
721.27	26.0092
721.35	26.052
721.51	26.0918
721.65	26.1354
721.75	26.1758
721.89	26.221
721.97	26.2596
722.13	26.3022
722.25	26.342
722.36	26.385
722.42	26.4254
722.52	26.4694
722.72	26.5094
722.76	26.5528
722.84	26.5924
722.94	26.6352
723.06	26.675
723.14	26.719
723.32	26.7596
723.46	26.8028
723.54	26.8428
723.62	26.8856
723.72	26.9252
723.86	26.969
723.96	27.0092
724.04	27.0528
724.14	27.0926
724.21	27.1358
724.29	27.1756
724.41	27.2184
724.49	27.2586
724.55	27.3024
724.65	27.3446
724.77	27.3864
724.91	27.426
724.99	27.4684
725.05	27.5084
725.15	27.5524
725.25	27.5926
725.31	27.6364
725.41	27.676
725.45	27.719
725.51	27.7588
725.65	27.8022
725.75	27.8422
725.83	27.886
725.87	27.9262
725.95	27.9694
726.04	28.0092
726.12	28.0518
726.22	28.0922
726.26	28.136
726.34	28.1762
726.4	28.2196
726.48	28.2594
726.54	28.3024
726.64	28.3418
726.7	28.3854
726.74	28.4258
726.84	28.4696
726.84	28.5096
726.92	28.5526
727	28.5922
727.08	28.635
727.16	28.6754
727.24	28.7192
727.3	28.7594
727.32	28.8028
727.38	28.8426
727.42	28.887
727.5	28.9252
727.52	28.9688
727.58	29.009
727.72	29.0528
727.78	29.0928
727.84	29.1356
727.86	29.1752
727.92	29.2184
727.95	29.2584
727.97	29.3024
728.01	29.3428
728.11	29.3856
728.09	29.4256
728.13	29.4686
728.25	29.5084
728.29	29.552
728.31	29.5924
728.37	29.6362
728.39	29.676
728.45	29.7188
728.51	29.7586
728.49	29.8016
728.51	29.8422
728.59	29.886
728.67	29.926
728.69	29.9692
728.69	30.0088
728.73	30.0518
728.75	30.0918
728.77	30.1354
728.79	30.1758
728.89	30.2194
728.91	30.2594
728.93	30.3018
728.91	30.3418
728.93	30.3854
728.99	30.4254
729.01	30.4696
729.05	30.5094
729.05	30.5524
729.01	30.592
729.05	30.6352
729.05	30.6752
729.05	30.7192
729.07	30.7594
729.09	30.8024
729.11	30.8426
729.13	30.8852
729.13	30.9248
729.05	30.9688
729.09	31.0092
729.13	31.053
729.13	31.0926
729.13	31.1354
729.09	31.1752
729.07	31.2186
729.05	31.2588
729.05	31.3024
729.03	31.343
729.01	31.386
729.01	31.4258
729.01	31.4682
728.91	31.5086
728.91	31.5522
728.89	31.5924
728.83	31.6362
728.77	31.6758
728.75	31.7186
728.67	31.7586
728.67	31.8018
728.61	31.842
728.55	31.886
728.57	31.9262
728.51	31.969
728.37	32.0088
728.27	32.0516
728.17	32.0918
728.13	32.1358
728.05	32.1758
727.93	32.2194
727.86	32.259
727.76	32.302
727.66	32.342
727.56	32.3854
727.44	32.4254
727.26	32.4694
727.12	32.5096
727	32.5522
726.84	32.592
726.66	32.6352
726.44	32.6754
726.28	32.7192
726.08	32.7592
725.87	32.8028
725.69	32.8422
725.45	32.8852
725.15	32.9252
724.97	32.9688
724.65	33.0092
724.37	33.0528
724.08	33.0926
723.76	33.1354
723.4	33.1752
723.04	33.2188
722.74	33.2588
722.28	33.3026
721.87	33.3424
721.47	33.3858
721.11	33.4254
720.61	33.4686
720.1	33.5086
719.6	33.5522
719.06	33.5926
718.6	33.636
718.03	33.6758
717.43	33.7182
716.85	33.7582
716.24	33.802
715.64	33.8422
715.02	33.8858
714.35	33.9256
713.51	33.969
712.91	34.0088
712.26	34.052
711.5	34.092
710.73	34.1356
709.95	34.176
709.21	34.2192
708.38	34.259
707.54	34.3016
706.69	34.3418
705.85	34.3854
705.04	34.4256
704.1	34.4694
703.23	34.5092
702.35	34.552
701.34	34.5918
700.42	34.6352
699.49	34.6754
698.55	34.7192
697.5	34.7596
696.56	34.8024
695.49	34.8422
694.41	34.885
693.36	34.9252
692.24	34.969
691.29	35.0092
690.26	35.0528
689.16	35.0924
687.99	35.1354
686.93	35.175
685.76	35.2186
684.59	35.259
683.43	35.3026
682.26	35.343
681.12	35.3858
679.87	35.4252
678.56	35.4684
677.4	35.5088
676.23	35.5526
674.96	35.5924
673.6	35.6362
672.43	35.6756
671.08	35.7186
669.74	35.7584
668.41	35.8022
667.06	35.8424
665.77	35.886
664.35	35.9262
663	35.9688
661.53	36.0088
660.15	36.052
658.72	36.0938
657.21	36.136
655.8	36.176
654.33	36.2194
652.85	36.259
651.32	36.3018
649.81	36.3418
648.28	36.3856
646.71	36.426
645.19	36.4694
643.58	36.5096
642.01	36.5522
640.36	36.5918
638.75	36.6354
637.08	36.6758
635.43	36.7196
633.74	36.7592
632	36.8026
630.39	36.8422
628.64	36.8854
626.87	36.9254
625.08	36.969
623.29	37.0094
621.56	37.0528
619.77	37.0928
617.9	37.1352
616.01	37.1752
614.16	37.219
612.29	37.259
610.34	37.3028
608.43	37.3426
606.46	37.3858
604.53	37.4252
602.52	37.4686
600.51	37.5088
598.54	37.5524
596.45	37.5928
594.38	37.6358
592.28	37.6758
590.21	37.7184
588.08	37.7584
585.85	37.8022
583.68	37.8424
581.51	37.886
579.38	37.9258
577.12	37.969
574.87	38.0084
572.5	38.052
570.15	38.0922
567.86	38.1358
565.44	38.1762
563.09	38.2192
560.64	38.2588
558.2	38.3016
555.75	38.342
553.24	38.3858
550.78	38.4256
548.15	38.469
545.64	38.5092
543.08	38.552
540.39	38.5916
537.69	38.6354
535.02	38.6754
532.35	38.7192
529.59	38.7594
526.8	38.8022
523.92	38.842
521.11	38.885
518.23	38.9254
515.3	38.969
512.34	39.0094
509.34	39.0524
506.29	39.0922
503.23	39.1352
500.1	39.1752
496.96	39.2186
493.76	39.259
490.58	39.3026
487.27	39.3426
484.01	39.3852
480.61	39.4252
477.23	39.4684
473.78	39.5086
470.26	39.5526
